n=9
1 1 1 1 1 1 1 1 1
1 1 1 1 1 1 1 2
1 1 1 1 1 1 3
1 1 1 1 1 2 2
1 1 1 1 1 4
1 1 1 1 2 3
1 1 1 1 5
1 1 1 2 2 2
1 1 1 2 4
1 1 1 3 3
1 1 1 6
1 1 2 2 3
1 1 2 5
1 1 3 4
1 1 7
1 2 2 2 2
1 2 2 4
1 2 3 3
1 2 6
1 3 5
1 4 4
1 8
2 2 2 3
2 2 5
2 3 4
2 7
3 3 3
3 6
4 5
9

n=8
1 1 1 1 1 1 1 1
1 1 1 1 1 1 2
1 1 1 1 1 3
1 1 1 1 2 2
1 1 1 1 4
1 1 1 2 3
1 1 1 5
1 1 2 2 2
1 1 2 4
1 1 3 3
1 1 6
1 2 2 3
1 2 5
1 3 4
1 7
2 2 2 2
2 2 4
2 3 3
2 6
3 5
4 4
8

n=7
1 1 1 1 1 1 1 
1 1 1 1 1 2
1 1 1 1 3
1 1 1 2 2
1 1 1 4
1 1 2 3
1 1 5
1 2 2 2
1 2 4
1 3 3
1 6
2 2 3
2 5
3 4
7

n=6
1 1 1 1 1 1
1 1 1 1 2
1 1 1 3
1 1 2 2
1 1 4
1 2 3
1 5
2 2 2
2 4
3 3
6

n=5
1 1 1 1 1
1 1 1 2
1 1 3
1 2 2
1 4
2 3
5

n=4
1 1 1 1
1 1 2
1 3
2 2
4

n=3
1 1 1
1 2
3

n=2
1 1
2

n=1
1


