9 9 9 9 9 9 A 9 9 9 9 9 9 9 9 9 9 9 B 9 9 9 9 9 9 9 9 9 9 9 C 9 9 9 9 9 9 9 9 9 9 9 D 9 9 9 9 9 9 9 9 9 9 9 E 9 9 9 9 9 9 9 9 9 9 9 F 9 9 9 9 9 9 9 9 9 9 9 G 9 9 9 9 9 9 9 9 9 9 9 H 9 9 9 9 9 9 9
9 0 0 0 0 0 0 0 0 0 0 0 0 1 1 1 1 1 1 1 1 1 1 1 1 0 0 0 0 0 0 0 0 0 0 0 0 1 1 1 1 1 1 1 1 1 1 1 1 0 0 0 0 0 0 0 0 0 0 0 0 1 1 1 1 1 1 1 1 1 1 1 1 0 0 0 0 0 0 0 0 0 0 0 0 1 1 1 1 1 1 1 1 1 1 1 1 9
9 0 0 0 0 0 0 0 0 0 0 0 0 1 1 1 1 1 1 2 1 2 1 1 1 0 0 0 0 0 2 2 0 0 0 0 0 1 1 1 1 1 2 2 1 1 1 1 1 0 0 2 2 0 2 2 0 2 2 0 0 1 1 1 1 1 2 2 1 1 1 1 1 0 0 0 2 0 2 0 0 0 0 0 0 1 1 1 1 1 1 1 1 1 1 1 1 9
9 0 0 0 2 2 2 2 2 2 0 0 0 1 1 1 2 2 2 2 2 2 1 1 1 0 0 0 0 2 2 2 2 0 0 0 0 1 1 1 2 2 2 2 2 2 1 1 1 0 0 0 2 2 2 2 2 2 0 0 0 1 1 1 1 2 2 2 2 1 1 1 1 0 0 0 2 2 2 2 2 2 0 0 0 1 1 1 2 2 2 2 2 2 1 1 1 9
b 0 0 0 0 2 2 2 2 0 0 0 0 1 1 1 2 2 2 2 2 1 1 1 1 0 0 0 0 2 2 2 2 0 0 0 0 1 1 1 1 2 2 2 2 1 1 1 1 0 0 0 0 2 2 2 2 0 0 0 0 1 1 1 1 2 2 2 2 1 1 1 1 0 0 0 0 2 2 2 2 2 0 0 0 1 1 1 1 2 2 2 2 1 1 1 1 9
9 0 0 0 0 2 2 2 2 0 0 0 0 1 1 1 1 1 1 2 2 1 1 1 1 0 0 0 0 2 2 2 2 0 0 0 0 1 1 1 1 1 2 2 1 1 1 1 1 0 0 0 0 0 2 2 0 0 0 0 0 1 1 1 1 2 2 2 2 1 1 1 1 0 0 0 0 2 2 0 0 0 0 0 0 1 1 1 1 2 2 2 2 1 1 1 1 9
9 0 0 0 0 2 2 2 2 0 0 0 0 1 1 1 1 2 2 2 2 2 1 1 1 0 0 0 2 2 2 2 2 2 0 0 0 1 1 1 1 2 2 2 2 1 1 1 1 0 0 0 0 2 2 2 2 0 0 0 0 1 1 1 2 2 2 2 2 2 1 1 1 0 0 0 2 2 2 2 2 0 0 0 0 1 1 1 1 2 2 2 2 1 1 1 1 9
9 0 0 0 2 2 2 2 2 2 0 0 0 1 1 1 2 2 2 2 2 2 2 1 1 0 0 0 2 2 2 2 2 2 0 0 0 1 1 1 2 2 2 2 2 2 1 1 1 0 0 0 2 2 2 2 2 2 0 0 0 1 1 1 2 2 2 2 2 2 1 1 1 0 0 2 2 2 2 2 2 2 0 0 0 1 1 1 2 2 2 2 2 2 1 1 1 9
9 0 0 0 0 0 0 0 0 0 0 0 0 1 1 1 1 1 1 1 1 1 1 1 1 0 0 0 0 0 0 0 0 0 0 0 0 1 1 1 1 1 1 1 1 1 1 1 1 0 0 0 0 0 0 0 0 0 0 0 0 1 1 1 1 1 1 1 1 1 1 1 1 0 0 0 0 0 0 0 0 0 0 0 0 1 1 1 1 1 1 1 1 1 1 1 1 9
9 1 1 1 1 1 1 1 1 1 1 1 1 0 0 0 0 0 0 0 0 0 0 0 0 1 1 1 1 1 1 1 1 1 1 1 1 0 0 0 0 0 0 0 0 0 0 0 0 1 1 1 1 1 1 1 1 1 1 1 1 0 0 0 0 0 0 0 0 0 0 0 0 1 1 1 1 1 1 1 1 1 1 1 1 0 0 0 0 0 0 0 0 0 0 0 0 9
9 1 1 1 1 1 1 1 1 1 1 1 1 0 0 0 0 0 0 0 0 0 0 0 0 1 1 1 1 1 1 1 1 1 1 1 1 0 0 0 0 0 0 0 0 0 0 0 0 1 1 1 1 1 1 1 1 1 1 1 1 0 0 0 0 0 0 0 0 0 0 0 0 1 1 1 1 1 1 1 1 1 1 1 1 0 0 0 0 0 0 0 0 0 0 0 0 9
9 1 1 1 1 1 2 2 1 1 1 1 1 0 0 0 0 0 2 2 0 0 0 0 0 1 1 1 1 1 2 2 1 1 1 1 1 0 0 0 0 0 2 2 0 0 0 0 0 1 1 1 1 1 2 2 1 1 1 1 1 0 0 0 0 0 2 2 0 0 0 0 0 1 1 1 1 1 2 2 1 1 1 1 1 0 0 0 0 0 2 2 0 0 0 0 0 9
c 1 1 1 1 2 2 2 2 1 1 1 1 0 0 0 0 2 2 2 2 0 0 0 0 1 1 1 1 2 2 2 2 1 1 1 1 0 0 0 0 2 2 2 2 0 0 0 0 1 1 1 1 2 2 2 2 1 1 1 1 0 0 0 0 2 2 2 2 0 0 0 0 1 1 1 1 2 2 2 2 1 1 1 1 0 0 0 0 2 2 2 2 0 0 0 0 9
9 1 1 1 1 2 2 2 2 1 1 1 1 0 0 0 0 2 2 2 2 0 0 0 0 1 1 1 1 2 2 2 2 1 1 1 1 0 0 0 0 2 2 2 2 0 0 0 0 1 1 1 1 2 2 2 2 1 1 1 1 0 0 0 0 2 2 2 2 0 0 0 0 1 1 1 1 2 2 2 2 1 1 1 1 0 0 0 0 2 2 2 2 0 0 0 0 9
9 1 1 1 1 2 2 2 2 1 1 1 1 0 0 0 0 2 2 2 2 0 0 0 0 1 1 1 1 2 2 2 2 1 1 1 1 0 0 0 0 2 2 2 2 0 0 0 0 1 1 1 1 2 2 2 2 1 1 1 1 0 0 0 0 2 2 2 2 0 0 0 0 1 1 1 1 2 2 2 2 1 1 1 1 0 0 0 0 2 2 2 2 0 0 0 0 9
9 1 1 1 1 2 2 2 2 1 1 1 1 0 0 0 0 2 2 2 2 0 0 0 0 1 1 1 1 2 2 2 2 1 1 1 1 0 0 0 0 2 2 2 2 0 0 0 0 1 1 1 1 2 2 2 2 1 1 1 1 0 0 0 0 2 2 2 2 0 0 0 0 1 1 1 1 2 2 2 2 1 1 1 1 0 0 0 0 2 2 2 2 0 0 0 0 9
9 1 1 1 1 1 1 1 1 1 1 1 1 0 0 0 0 0 0 0 0 0 0 0 0 1 1 1 1 1 1 1 1 1 1 1 1 0 0 0 0 0 0 0 0 0 0 0 0 1 1 1 1 1 1 1 1 1 1 1 1 0 0 0 0 0 0 0 0 0 0 0 0 1 1 1 1 1 1 1 1 1 1 1 1 0 0 0 0 0 0 0 0 0 0 0 0 9
9 0 0 0 0 0 0 0 0 0 0 0 0 1 1 1 1 1 1 1 1 1 1 1 1 0 0 0 0 0 0 0 0 0 0 0 0 1 1 1 1 1 1 1 1 1 1 1 1 0 0 0 0 0 0 0 0 0 0 0 0 1 1 1 1 1 1 1 1 1 1 1 1 0 0 0 0 0 0 0 0 0 0 0 0 1 1 1 1 1 1 1 1 1 1 1 1 9
9 0 0 0 0 0 0 0 0 0 0 0 0 1 1 1 1 1 1 1 1 1 1 1 1 0 0 0 0 0 0 0 0 0 0 0 0 1 1 1 1 1 1 1 1 1 1 1 1 0 0 0 0 0 0 0 0 0 0 0 0 1 1 1 1 1 1 1 1 1 1 1 1 0 0 0 0 0 0 0 0 0 0 0 0 1 1 1 1 1 1 1 1 1 1 1 1 9
9 0 0 0 0 0 0 0 0 0 0 0 0 1 1 1 1 1 1 1 1 1 1 1 1 0 0 0 0 0 0 0 0 0 0 0 0 1 1 1 1 1 1 1 1 1 1 1 1 0 0 0 0 0 0 0 0 0 0 0 0 1 1 1 1 1 1 1 1 1 1 1 1 0 0 0 0 0 0 0 0 0 0 0 0 1 1 1 1 1 1 1 1 1 1 1 1 9
d 0 0 0 0 0 0 0 0 0 0 0 0 1 1 1 1 1 1 1 1 1 1 1 1 0 0 0 0 0 0 0 0 0 0 0 0 1 1 1 1 1 1 1 1 1 1 1 1 0 0 0 0 0 0 0 0 0 0 0 0 1 1 1 1 1 1 1 1 1 1 1 1 0 0 0 0 0 0 0 0 0 0 0 0 1 1 1 1 1 1 1 1 1 1 1 1 9
9 0 0 0 0 0 0 0 0 0 0 0 0 1 1 1 1 1 1 1 1 1 1 1 1 0 0 0 0 0 0 0 0 0 0 0 0 1 1 1 1 1 1 1 1 1 1 1 1 0 0 0 0 0 0 0 0 0 0 0 0 1 1 1 1 1 1 1 1 1 1 1 1 0 0 0 0 0 0 0 0 0 0 0 0 1 1 1 1 1 1 1 1 1 1 1 1 9
9 0 0 0 0 0 0 0 0 0 0 0 0 1 1 1 1 1 1 1 1 1 1 1 1 0 0 0 0 0 0 0 0 0 0 0 0 1 1 1 1 1 1 1 1 1 1 1 1 0 0 0 0 0 0 0 0 0 0 0 0 1 1 1 1 1 1 1 1 1 1 1 1 0 0 0 0 0 0 0 0 0 0 0 0 1 1 1 1 1 1 1 1 1 1 1 1 9
9 0 0 0 0 0 0 0 0 0 0 0 0 1 1 1 1 1 1 1 1 1 1 1 1 0 0 0 0 0 0 0 0 0 0 0 0 1 1 1 1 1 1 1 1 1 1 1 1 0 0 0 0 0 0 0 0 0 0 0 0 1 1 1 1 1 1 1 1 1 1 1 1 0 0 0 0 0 0 0 0 0 0 0 0 1 1 1 1 1 1 1 1 1 1 1 1 9
9 0 0 0 0 0 0 0 0 0 0 0 0 1 1 1 1 1 1 1 1 1 1 1 1 0 0 0 0 0 0 0 0 0 0 0 0 1 1 1 1 1 1 1 1 1 1 1 1 0 0 0 0 0 0 0 0 0 0 0 0 1 1 1 1 1 1 1 1 1 1 1 1 0 0 0 0 0 0 0 0 0 0 0 0 1 1 1 1 1 1 1 1 1 1 1 1 9
9 1 1 1 1 1 1 1 1 1 1 1 1 0 0 0 0 0 0 0 0 0 0 0 0 1 1 1 1 1 1 1 1 1 1 1 1 0 0 0 0 0 0 0 0 0 0 0 0 1 1 1 1 1 1 1 1 1 1 1 1 0 0 0 0 0 0 0 0 0 0 0 0 1 1 1 1 1 1 1 1 1 1 1 1 0 0 0 0 0 0 0 0 0 0 0 0 9
9 1 1 1 1 1 1 1 1 1 1 1 1 0 0 0 0 0 0 0 0 0 0 0 0 1 1 1 1 1 1 1 1 1 1 1 1 0 0 0 0 0 0 0 0 0 0 0 0 1 1 1 1 1 1 1 1 1 1 1 1 0 0 0 0 0 0 0 0 0 0 0 0 1 1 1 1 1 1 1 1 1 1 1 1 0 0 0 0 0 0 0 0 0 0 0 0 9
9 1 1 1 1 1 1 1 1 1 1 1 1 0 0 0 0 0 0 0 0 0 0 0 0 1 1 1 1 1 1 1 1 1 1 1 1 0 0 0 0 0 0 0 0 0 0 0 0 1 1 1 1 1 1 1 1 1 1 1 1 0 0 0 0 0 0 0 0 0 0 0 0 1 1 1 1 1 1 1 1 1 1 1 1 0 0 0 0 0 0 0 0 0 0 0 0 9
e 1 1 1 1 1 1 1 1 1 1 1 1 0 0 0 0 0 0 0 0 0 0 0 0 1 1 1 1 1 1 1 1 1 1 1 1 0 0 0 0 0 0 0 0 0 0 0 0 1 1 1 1 1 1 1 1 1 1 1 1 0 0 0 0 0 0 0 0 0 0 0 0 1 1 1 1 1 1 1 1 1 1 1 1 0 0 0 0 0 0 0 0 0 0 0 0 9
9 1 1 1 1 1 1 1 1 1 1 1 1 0 0 0 0 0 0 0 0 0 0 0 0 1 1 1 1 1 1 1 1 1 1 1 1 0 0 0 0 0 0 0 0 0 0 0 0 1 1 1 1 1 1 1 1 1 1 1 1 0 0 0 0 0 0 0 0 0 0 0 0 1 1 1 1 1 1 1 1 1 1 1 1 0 0 0 0 0 0 0 0 0 0 0 0 9
9 1 1 1 1 1 1 1 1 1 1 1 1 0 0 0 0 0 0 0 0 0 0 0 0 1 1 1 1 1 1 1 1 1 1 1 1 0 0 0 0 0 0 0 0 0 0 0 0 1 1 1 1 1 1 1 1 1 1 1 1 0 0 0 0 0 0 0 0 0 0 0 0 1 1 1 1 1 1 1 1 1 1 1 1 0 0 0 0 0 0 0 0 0 0 0 0 9
9 1 1 1 1 1 1 1 1 1 1 1 1 0 0 0 0 0 0 0 0 0 0 0 0 1 1 1 1 1 1 1 1 1 1 1 1 0 0 0 0 0 0 0 0 0 0 0 0 1 1 1 1 1 1 1 1 1 1 1 1 0 0 0 0 0 0 0 0 0 0 0 0 1 1 1 1 1 1 1 1 1 1 1 1 0 0 0 0 0 0 0 0 0 0 0 0 9
9 1 1 1 1 1 1 1 1 1 1 1 1 0 0 0 0 0 0 0 0 0 0 0 0 1 1 1 1 1 1 1 1 1 1 1 1 0 0 0 0 0 0 0 0 0 0 0 0 1 1 1 1 1 1 1 1 1 1 1 1 0 0 0 0 0 0 0 0 0 0 0 0 1 1 1 1 1 1 1 1 1 1 1 1 0 0 0 0 0 0 0 0 0 0 0 0 9
9 0 0 0 0 0 0 0 0 0 0 0 0 1 1 1 1 1 1 1 1 1 1 1 1 0 0 0 0 0 0 0 0 0 0 0 0 1 1 1 1 1 1 1 1 1 1 1 1 0 0 0 0 0 0 0 0 0 0 0 0 1 1 1 1 1 1 1 1 1 1 1 1 0 0 0 0 0 0 0 0 0 0 0 0 1 1 1 1 1 1 1 1 1 1 1 1 9
9 0 0 0 0 0 0 0 0 0 0 0 0 1 1 1 1 1 1 1 1 1 1 1 1 0 0 0 0 0 0 0 0 0 0 0 0 1 1 1 1 1 1 1 1 1 1 1 1 0 0 0 0 0 0 0 0 0 0 0 0 1 1 1 1 1 1 1 1 1 1 1 1 0 0 0 0 0 0 0 0 0 0 0 0 1 1 1 1 1 1 1 1 1 1 1 1 9
9 0 0 0 0 0 0 0 0 0 0 0 0 1 1 1 1 1 1 1 1 1 1 1 1 0 0 0 0 0 0 0 0 0 0 0 0 1 1 1 1 1 1 1 1 1 1 1 1 0 0 0 0 0 0 0 0 0 0 0 0 1 1 1 1 1 1 1 1 1 1 1 1 0 0 0 0 0 0 0 0 0 0 0 0 1 1 1 1 1 1 1 1 1 1 1 1 9
f 0 0 0 0 0 0 0 0 0 0 0 0 1 1 1 1 1 1 1 1 1 1 1 1 0 0 0 0 0 0 0 0 0 0 0 0 1 1 1 1 1 1 1 1 1 1 1 1 0 0 0 0 0 0 0 0 0 0 0 0 1 1 1 1 1 1 1 1 1 1 1 1 0 0 0 0 0 0 0 0 0 0 0 0 1 1 1 1 1 1 1 1 1 1 1 1 9
9 0 0 0 0 0 0 0 0 0 0 0 0 1 1 1 1 1 1 1 1 1 1 1 1 0 0 0 0 0 0 0 0 0 0 0 0 1 1 1 1 1 1 1 1 1 1 1 1 0 0 0 0 0 0 0 0 0 0 0 0 1 1 1 1 1 1 1 1 1 1 1 1 0 0 0 0 0 0 0 0 0 0 0 0 1 1 1 1 1 1 1 1 1 1 1 1 9
9 0 0 0 0 0 0 0 0 0 0 0 0 1 1 1 1 1 1 1 1 1 1 1 1 0 0 0 0 0 0 0 0 0 0 0 0 1 1 1 1 1 1 1 1 1 1 1 1 0 0 0 0 0 0 0 0 0 0 0 0 1 1 1 1 1 1 1 1 1 1 1 1 0 0 0 0 0 0 0 0 0 0 0 0 1 1 1 1 1 1 1 1 1 1 1 1 9
9 0 0 0 0 0 0 0 0 0 0 0 0 1 1 1 1 1 1 1 1 1 1 1 1 0 0 0 0 0 0 0 0 0 0 0 0 1 1 1 1 1 1 1 1 1 1 1 1 0 0 0 0 0 0 0 0 0 0 0 0 1 1 1 1 1 1 1 1 1 1 1 1 0 0 0 0 0 0 0 0 0 0 0 0 1 1 1 1 1 1 1 1 1 1 1 1 9
9 0 0 0 0 0 0 0 0 0 0 0 0 1 1 1 1 1 1 1 1 1 1 1 1 0 0 0 0 0 0 0 0 0 0 0 0 1 1 1 1 1 1 1 1 1 1 1 1 0 0 0 0 0 0 0 0 0 0 0 0 1 1 1 1 1 1 1 1 1 1 1 1 0 0 0 0 0 0 0 0 0 0 0 0 1 1 1 1 1 1 1 1 1 1 1 1 9
9 1 1 1 1 1 1 1 1 1 1 1 1 0 0 0 0 0 0 0 0 0 0 0 0 1 1 1 1 1 1 1 1 1 1 1 1 0 0 0 0 0 0 0 0 0 0 0 0 1 1 1 1 1 1 1 1 1 1 1 1 0 0 0 0 0 0 0 0 0 0 0 0 1 1 1 1 1 1 1 1 1 1 1 1 0 0 0 0 0 0 0 0 0 0 0 0 9
9 1 1 1 1 1 1 1 1 1 1 1 1 0 0 0 0 0 0 0 0 0 0 0 0 1 1 1 1 1 1 1 1 1 1 1 1 0 0 0 0 0 0 0 0 0 0 0 0 1 1 1 1 1 1 1 1 1 1 1 1 0 0 0 0 0 0 0 0 0 0 0 0 1 1 1 1 1 1 1 1 1 1 1 1 0 0 0 0 0 0 0 0 0 0 0 0 9
9 1 1 1 1 1 1 1 1 1 1 1 1 0 0 0 0 0 0 0 0 0 0 0 0 1 1 1 1 1 1 1 1 1 1 1 1 0 0 0 0 0 0 0 0 0 0 0 0 1 1 1 1 1 1 1 1 1 1 1 1 0 0 0 0 0 0 0 0 0 0 0 0 1 1 1 1 1 1 1 1 1 1 1 1 0 0 0 0 0 0 0 0 0 0 0 0 9
g 1 1 1 1 1 1 1 1 1 1 1 1 0 0 0 0 0 0 0 0 0 0 0 0 1 1 1 1 1 1 1 1 1 1 1 1 0 0 0 0 0 0 0 0 0 0 0 0 1 1 1 1 1 1 1 1 1 1 1 1 0 0 0 0 0 0 0 0 0 0 0 0 1 1 1 1 1 1 1 1 1 1 1 1 0 0 0 0 0 0 0 0 0 0 0 0 9
9 1 1 1 1 1 1 1 1 1 1 1 1 0 0 0 0 0 0 0 0 0 0 0 0 1 1 1 1 1 1 1 1 1 1 1 1 0 0 0 0 0 0 0 0 0 0 0 0 1 1 1 1 1 1 1 1 1 1 1 1 0 0 0 0 0 0 0 0 0 0 0 0 1 1 1 1 1 1 1 1 1 1 1 1 0 0 0 0 0 0 0 0 0 0 0 0 9
9 1 1 1 1 1 1 1 1 1 1 1 1 0 0 0 0 0 0 0 0 0 0 0 0 1 1 1 1 1 1 1 1 1 1 1 1 0 0 0 0 0 0 0 0 0 0 0 0 1 1 1 1 1 1 1 1 1 1 1 1 0 0 0 0 0 0 0 0 0 0 0 0 1 1 1 1 1 1 1 1 1 1 1 1 0 0 0 0 0 0 0 0 0 0 0 0 9
9 1 1 1 1 1 1 1 1 1 1 1 1 0 0 0 0 0 0 0 0 0 0 0 0 1 1 1 1 1 1 1 1 1 1 1 1 0 0 0 0 0 0 0 0 0 0 0 0 1 1 1 1 1 1 1 1 1 1 1 1 0 0 0 0 0 0 0 0 0 0 0 0 1 1 1 1 1 1 1 1 1 1 1 1 0 0 0 0 0 0 0 0 0 0 0 0 9
9 1 1 1 1 1 1 1 1 1 1 1 1 0 0 0 0 0 0 0 0 0 0 0 0 1 1 1 1 1 1 1 1 1 1 1 1 0 0 0 0 0 0 0 0 0 0 0 0 1 1 1 1 1 1 1 1 1 1 1 1 0 0 0 0 0 0 0 0 0 0 0 0 1 1 1 1 1 1 1 1 1 1 1 1 0 0 0 0 0 0 0 0 0 0 0 0 9
9 0 0 0 0 0 0 0 0 0 0 0 0 1 1 1 1 1 1 1 1 1 1 1 1 0 0 0 0 0 0 0 0 0 0 0 0 1 1 1 1 1 1 1 1 1 1 1 1 0 0 0 0 0 0 0 0 0 0 0 0 1 1 1 1 1 1 1 1 1 1 1 1 0 0 0 0 0 0 0 0 0 0 0 0 1 1 1 1 1 1 1 1 1 1 1 1 9
9 0 0 0 0 0 0 0 0 0 0 0 0 1 1 1 1 1 1 1 1 1 1 1 1 0 0 0 0 0 0 0 0 0 0 0 0 1 1 1 1 1 1 1 1 1 1 1 1 0 0 0 0 0 0 0 0 0 0 0 0 1 1 1 1 1 1 1 1 1 1 1 1 0 0 0 0 0 0 0 0 0 0 0 0 1 1 1 1 1 1 1 1 1 1 1 1 9
9 0 0 0 0 0 3 3 0 0 0 0 0 1 1 1 1 1 3 3 1 1 1 1 1 0 0 0 0 0 3 3 0 0 0 0 0 1 1 1 1 1 3 3 1 1 1 1 1 0 0 0 0 0 3 3 0 0 0 0 0 1 1 1 1 1 3 3 1 1 1 1 1 0 0 0 0 0 3 3 0 0 0 0 0 1 1 1 1 1 3 3 1 1 1 1 1 9
h 0 0 0 0 3 3 3 3 0 0 0 0 1 1 1 1 3 3 3 3 1 1 1 1 0 0 0 0 3 3 3 3 0 0 0 0 1 1 1 1 3 3 3 3 1 1 1 1 0 0 0 0 3 3 3 3 0 0 0 0 1 1 1 1 3 3 3 3 1 1 1 1 0 0 0 0 3 3 3 3 0 0 0 0 1 1 1 1 3 3 3 3 1 1 1 1 9
9 0 0 0 0 3 3 3 3 0 0 0 0 1 1 1 1 3 3 3 3 1 1 1 1 0 0 0 0 3 3 3 3 0 0 0 0 1 1 1 1 3 3 3 3 1 1 1 1 0 0 0 0 3 3 3 3 0 0 0 0 1 1 1 1 3 3 3 3 1 1 1 1 0 0 0 0 3 3 3 3 0 0 0 0 1 1 1 1 3 3 3 3 1 1 1 1 9
9 0 0 0 0 3 3 3 3 0 0 0 0 1 1 1 1 3 3 3 3 1 1 1 1 0 0 0 0 3 3 3 3 0 0 0 0 1 1 1 1 3 3 3 3 1 1 1 1 0 0 0 0 3 3 3 3 0 0 0 0 1 1 1 1 3 3 3 3 1 1 1 1 0 0 0 0 3 3 3 3 0 0 0 0 1 1 1 1 3 3 3 3 1 1 1 1 9
9 0 0 0 0 3 3 3 3 0 0 0 0 1 1 1 1 3 3 3 3 1 1 1 1 0 0 0 0 3 3 3 3 0 0 0 0 1 1 1 1 3 3 3 3 1 1 1 1 0 0 0 0 3 3 3 3 0 0 0 0 1 1 1 1 3 3 3 3 1 1 1 1 0 0 0 0 3 3 3 3 0 0 0 0 1 1 1 1 3 3 3 3 1 1 1 1 9
9 0 0 0 0 0 0 0 0 0 0 0 0 1 1 1 1 1 1 1 1 1 1 1 1 0 0 0 0 0 0 0 0 0 0 0 0 1 1 1 1 1 1 1 1 1 1 1 1 0 0 0 0 0 0 0 0 0 0 0 0 1 1 1 1 1 1 1 1 1 1 1 1 0 0 0 0 0 0 0 0 0 0 0 0 1 1 1 1 1 1 1 1 1 1 1 1 9
9 1 1 1 1 1 1 1 1 1 1 1 1 0 0 0 0 0 0 0 0 0 0 0 0 1 1 1 1 1 1 1 1 1 1 1 1 0 0 0 0 0 0 0 0 0 0 0 0 1 1 1 1 1 1 1 1 1 1 1 1 0 0 0 0 0 0 0 0 0 0 0 0 1 1 1 1 1 1 1 1 1 1 1 1 0 0 0 0 0 0 0 0 0 0 0 0 9
9 1 1 1 1 1 1 1 1 1 1 1 1 0 0 0 0 0 0 3 0 3 0 0 0 1 1 1 1 1 3 3 1 1 1 1 1 0 0 0 0 0 3 3 0 0 0 0 0 1 1 3 3 1 3 3 1 3 3 1 1 0 0 0 0 0 3 3 0 0 0 0 0 1 1 1 3 1 3 1 1 1 1 1 1 0 0 0 0 0 0 0 0 0 0 0 0 9
9 1 1 1 3 3 3 3 3 3 1 1 1 0 0 0 3 3 3 3 3 3 0 0 0 1 1 1 1 3 3 3 3 1 1 1 1 0 0 0 3 3 3 3 3 3 0 0 0 1 1 1 3 3 3 3 3 3 1 1 1 0 0 0 0 3 3 3 3 0 0 0 0 1 1 1 3 3 3 3 3 3 1 1 1 0 0 0 3 3 3 3 3 3 0 0 0 9
i 1 1 1 1 3 3 3 3 1 1 1 1 0 0 0 3 3 3 3 3 0 0 0 0 1 1 1 1 3 3 3 3 1 1 1 1 0 0 0 0 3 3 3 3 0 0 0 0 1 1 1 1 3 3 3 3 1 1 1 1 0 0 0 0 3 3 3 3 0 0 0 0 1 1 1 1 3 3 3 3 3 1 1 1 0 0 0 0 3 3 3 3 0 0 0 0 9
9 1 1 1 1 3 3 3 3 1 1 1 1 0 0 0 0 0 0 3 3 0 0 0 0 1 1 1 1 3 3 3 3 1 1 1 1 0 0 0 0 0 3 3 0 0 0 0 0 1 1 1 1 1 3 3 1 1 1 1 1 0 0 0 0 3 3 3 3 0 0 0 0 1 1 1 1 3 3 1 1 1 1 1 1 0 0 0 0 3 3 3 3 0 0 0 0 9
9 1 1 1 1 3 3 3 3 1 1 1 1 0 0 0 0 3 3 3 3 3 0 0 0 1 1 1 3 3 3 3 3 3 1 1 1 0 0 0 0 3 3 3 3 0 0 0 0 1 1 1 1 3 3 3 3 1 1 1 1 0 0 0 3 3 3 3 3 3 0 0 0 1 1 1 3 3 3 3 3 1 1 1 1 0 0 0 0 3 3 3 3 0 0 0 0 9
9 1 1 1 3 3 3 3 3 3 1 1 1 0 0 0 3 3 3 3 3 3 3 0 0 1 1 1 3 3 3 3 3 3 1 1 1 0 0 0 3 3 3 3 3 3 0 0 0 1 1 1 3 3 3 3 3 3 1 1 1 0 0 0 3 3 3 3 3 3 0 0 0 1 1 3 3 3 3 3 3 3 1 1 1 0 0 0 3 3 3 3 3 3 0 0 0 9
9 1 1 1 1 1 1 1 1 1 1 1 1 0 0 0 0 0 0 0 0 0 0 0 0 1 1 1 1 1 1 1 1 1 1 1 1 0 0 0 0 0 0 0 0 0 0 0 0 1 1 1 1 1 1 1 1 1 1 1 1 0 0 0 0 0 0 0 0 0 0 0 0 1 1 1 1 1 1 1 1 1 1 1 1 0 0 0 0 0 0 0 0 0 0 0 0 9
9 9 9 9 9 9 9 9 9 9 9 9 9 9 9 9 9 9 9 9 9 9 9 9 9 9 9 9 9 9 9 9 9 9 9 9 9 9 9 9 9 9 9 9 9 9 9 9 9 9 9 9 9 9 9 9 9 9 9 9 9 9 9 9 9 9 9 9 9 9 9 9 9 9 9 9 9 9 9 9 9 9 9 9 9 9 9 9 9 9 9 9 9 9 9 9 9 9
